[vpss]
;bps/iso/scene ÊúÏß·Ö×é
vpss_iso_level = 5
; 1 ex_lowbit   2 lowbit 3 normalbit 4 highbit 5 exthighbit
vpss_1  = "32|32|32|32|40|48|96|255|255|255|255|255|12|12|12|12|12|16|24|32|48|63|63|63|12|12|12|12|12|16|24|32|48|63|63|63|";
vpss_2  = "32|32|32|32|40|48|96|255|255|255|255|255|8|8|8|8|8|16|24|32|48|63|63|63|8|8|8|8|8|16|24|32|48|63|63|63|";
vpss_3  = "6|8|12|16|32|40|48|60|128|128| 200|255|3|4|6|8|10|12|12|24|40|48|58|63|3|4|6|8|10|12|12|24|40|48|58|63|";
vpss_4  = "0|3|4| 6| 12|16|48|96|255|255|255|255|0|1|2|3|6|8|24|32|48|63|63|63|0|1|2|3|6|8|24|32|48|63|63|63|";
vpss_5  = "0|3|4| 6| 12|16|48|96|255|255|255|255|0|1|2|3|6|8|24|32|48|63|63|63|0|1|2|3|6|8|24|32|48|63|63|63|";
;          1 2 4  8  16 32 64 128 256 400 640 2048								   
[gamma]
;iso/scenc
;	AUTO_STR_LIGHT = 0|
;	AUTO_NORMAL_LIGHT|
;	AUTO_MOON_LIGHT|
;	AUTO_START_LIGHT|
;	AUTO_DARK_LIGHT|
iso_level = 5

gamma_line_1_1="0|24|60|108|163|224|287|351|414|474|533|589|644|697|748|798|846|893|938|981|1024|1065|1105|1143|1181|1217|1253|1288|1322|1355|1387|1419|1450|1480|1510|1540|1569|1598|1626|1655|1683|1711|1739|1767|1796|1824|1852|1880|1908|1936|1964|1992|2019|2047|2075|2102|2129|2157|2184|2211|2238|2264|2291|2317|2343|2369|2395|2421|2447|2472|2497|2522|2546|2571|2595|2619|2643|2666|2689|2712|2735|2757|2779|"
gamma_line_1_2="2801|2822|2844|2864|2885|2905|2925|2944|2963|2982|3000|3018|3036|3053|3070|3086|3102|3118|3133|3148|3162|3176|3189|3202|3214|3226|3238|3249|3259|3269|3278|3287|3296|3303|3311|3325|3340|3354|3368|3382|3395|3409|3422|3435|3447|3460|3472|3485|3497|3509|3520|3532|3543|3554|3565|3576|3587|3597|3607|3618|3628|3637|3647|3656|3666|3675|3684|3693|3701|3710|3718|3727|3735|"
gamma_line_1_3="3743|3751|3758|3766|3773|3780|3788|3795|3801|3808|3815|3821|3828|3834|3840|3846|3852|3858|3863|3869|3874|3880|3885|3890|3895|3900|3905|3909|3914|3918|3923|3927|3931|3936|3940|3944|3947|3951|3955|3959|3962|3966|3969|3972|3976|3979|3982|3985|3988|3991|3994|3997|3999|4002|4005|4007|4010|4012|4015|4017|4019|4022|4024|4026|4028|4030|4033|4035|4037|4039|4041|4043|4044|4046|4048|4050|4052|4054|4056|4057|4059|4061|4063|4064|4066|4068|4070|4071|4073|4075|4077|4078|4080|4082|4084|4085|4087|4089|4091|4093|4095|"

gamma_line_2_1="0|24|60|108|163|224|287|351|414|474|533|589|644|697|748|798|846|893|938|981|1024|1065|1105|1143|1181|1217|1253|1288|1322|1355|1387|1419|1450|1480|1510|1540|1569|1598|1626|1655|1683|1711|1739|1767|1796|1824|1852|1880|1908|1936|1964|1992|2019|2047|2075|2102|2129|2157|2184|2211|2238|2264|2291|2317|2343|2369|2395|2421|2447|2472|2497|2522|2546|2571|2595|2619|2643|2666|2689|2712|2735|2757|2779|"
gamma_line_2_2="2801|2822|2844|2864|2885|2905|2925|2944|2963|2982|3000|3018|3036|3053|3070|3086|3102|3118|3133|3148|3162|3176|3189|3202|3214|3226|3238|3249|3259|3269|3278|3287|3296|3303|3311|3325|3340|3354|3368|3382|3395|3409|3422|3435|3447|3460|3472|3485|3497|3509|3520|3532|3543|3554|3565|3576|3587|3597|3607|3618|3628|3637|3647|3656|3666|3675|3684|3693|3701|3710|3718|3727|3735|"
gamma_line_2_3="3743|3751|3758|3766|3773|3780|3788|3795|3801|3808|3815|3821|3828|3834|3840|3846|3852|3858|3863|3869|3874|3880|3885|3890|3895|3900|3905|3909|3914|3918|3923|3927|3931|3936|3940|3944|3947|3951|3955|3959|3962|3966|3969|3972|3976|3979|3982|3985|3988|3991|3994|3997|3999|4002|4005|4007|4010|4012|4015|4017|4019|4022|4024|4026|4028|4030|4033|4035|4037|4039|4041|4043|4044|4046|4048|4050|4052|4054|4056|4057|4059|4061|4063|4064|4066|4068|4070|4071|4073|4075|4077|4078|4080|4082|4084|4085|4087|4089|4091|4093|4095|"

gamma_line_3_1="0|54|106|158|209|259|308|356|403|450|495|540|584|628|670|713|754|795|835|874|913|951|989|1026|1062|1098|1133|1168|1203|1236|1270|1303|1335|1367|1398|1429|1460|1490|1520|1549|1578|1607|1635|1663|1690|1717|1744|1770|1796|1822|1848|1873|1897|1922|1946|1970|1993|2017|2040|2062|2085|2107|2129|2150|2172|2193|2214|2235|2255|2275|2295|2315|2335|2354|2373|2392|2411|2429|2447|2465|2483|2501|2519|2536|2553|2570|2587|2603|2620|2636|2652|2668|2684|2700|2715|2731|2746|"
gamma_line_3_2="2761|2776|2790|2805|2819|2834|2848|2862|2876|2890|2903|2917|2930|2944|2957|2970