|2983|2996|3008|3021|3033|3046|3058|3070|3082|3094|3106|3118|3129|3141|3152|3164|3175|3186|3197|3208|3219|3230|3240|3251|3262|3272|3282|3293|3303|3313|3323|3333|3343|3352|3362|3372|3381|3391|3400|3410|3419|3428|3437|3446|3455|3464|3473|3482|3490|3499|3508|3516|3525|3533|3541|3550|3558|3566|3574|3582|3590|3598|3606|3614|3621|3629|3637|3644|3652|3660|3667|3674|3682|3689|3696|3703|3711|3718|3725|3732|"
gamma_line_3_3="3739|3746|3752|3759|3766|3773|3779|3786|3793|3799|3806|3812|3819|3825|3831|3838|3844|3850|3856|3863|3869|3875|3881|3887|3893|3899|3905|3910|3916|3922|3928|3933|3939|3945|3950|3956|3962|3967|3973|3978|3983|3989|3994|3999|4005|4010|4015|4020|4026|4031|4036|4041|4046|4051|4056|4061|4066|4071|4076|4081|4085|4090|4095|4095|"

gamma_line_4_1="0|54|106|158|209|259|308|356|403|450|495|540|584|628|670|713|754|795|835|874|913|951|989|1026|1062|1098|1133|1168|1203|1236|1270|1303|1335|1367|1398|1429|1460|1490|1520|1549|1578|1607|1635|1663|1690|1717|1744|1770|1796|1822|1848|1873|1897|1922|1946|1970|1993|2017|2040|2062|2085|2107|2129|2150|2172|2193|2214|2235|2255|2275|2295|2315|2335|2354|2373|2392|2411|2429|2447|2465|2483|2501|2519|2536|2553|2570|2587|2603|2620|2636|2652|2668|2684|2700|2715|2731|2746|"
gamma_line_4_2="2761|2776|2790|2805|2819|2834|2848|2862|2876|2890|2903|2917|2930|2944|2957|2970|2983|2996|3008|3021|3033|3046|3058|3070|3082|3094|3106|3118|3129|3141|3152|3164|3175|3186|3197|3208|3219|3230|3240|3251|3262|3272|3282|3293|3303|3313|3323|3333|3343|3352|3362|3372|3381|3391|3400|3410|3419|3428|3437|3446|3455|3464|3473|3482|3490|3499|3508|3516|3525|3533|3541|3550|3558|3566|3574|3582|3590|3598|3606|3614|3621|3629|3637|3644|3652|3660|3667|3674|3682|3689|3696|3703|3711|3718|3725|3732|"
gamma_line_4_3="3739|3746|3752|3759|3766|3773|3779|3786|3793|3799|3806|3812|3819|3825|3831|3838|3844|3850|3856|3863|3869|3875|3881|3887|3893|3899|3905|3910|3916|3922|3928|3933|3939|3945|3950|3956|3962|3967|3973|3978|3983|3989|3994|3999|4005|4010|4015|4020|4026|4031|4036|4041|4046|4051|4056|4061|4066|4071|4076|4081|4085|4090|4095|4095|"

gamma_line_5_1="0|27|60|100|140|178|216|242|276|312|346|380|412|444|476|508|540|572|604|636|667|698|729|760|791|822|853|884|915|945|975|1005|1035|1065|1095|1125|1155|1185|1215|1245|1275|1305|1335|1365|1395|1425|1455|1485|1515|1544|1573|1602|1631|1660|1689|1718|1746|1774|1802|1830|1858|1886|1914|1942|1970|1998|2026|2054|2082|2110|2136|2162|2186|2220|2244|2268|2292|2316|2340|2362|2384|2406|2428|2448|2468|2488|2508|2528|2548|2568|2588|2608|2628|2648|2668|2688|"
gamma_line_5_2="2708|2728|2748|2768|2788|2808|2828|2846|2862|2876|2890|2903|2917|2930|2944|2957|2970|2983|2996|3008|3021|3033|3046|3058|3070|3082|3094|3106|3118|3129|3141|3152|3164|3175|3186|3197|3208|3219|3230|3240|3251|3262|3272|3282|3293|3303|3313|3323|3333|3343|3352|3362|3372|3381|3391|3400|3410|3419|3428|3437|3446|3455|3464|3473|3482|3490|3499|3508|3516|3525|3533|3541|3550|3558|3566|3574|3582|3590|3598|3606|3614|3621|3629|3637|3644|3652|3660|3667|3674|3682|3689|3696|3703|3711|3718|3725|"
gamma_line_5_3="3732|3739|3746|3752|3759|3766|3773|3779|3786|3793|3799|3806|3812|3819|3825|3831|3838|3844|3850|3856|3863|3869|3875|3881|3887|3893|3899|3905|3910|3916|3922|3928|3933|3939|3945|3950|3956|3962|3967|3973|3978|3983|3989|3994|3999|4005|4010|4015|4020|4026|4031|4036|4041|4046|4051|4056|4061|4066|4071|4076|4081|4085|4090|4095|4095|"

[AE]
;scence
aexxx= "abc"

[AWB]
;{{86|-9|-178|242063|128|-193387}|{0x018b|0x0100|0x0100|0x01a7}|5200}
;awb/scenc
;	AUTO_STR_LIGHT = 0|
;	AUTO_NORMAL_LIGHT|
;	AUTO_MOON_LIGHT|
;	AUTO_START_LIGHT|
;	AUTO_DARK_LIGHT|
iso_level = 5
AWBCalibration_CurvePara_1        = "-553|997|189|286428|128|-242429|";
AWBCalibration_au16StaticWB_1     = "470|256|256|447|";
AWBCalibration_u16RefTemp_1       = "5000";

AWBCalibration_CurvePara_2        = "-553|997|189|286428|128|-242429|";
AWBCalibration_au16StaticWB_2     =  "470|256|256|447|";
AWBCalibration_u16RefTemp_2       = "5000";

AWBCalibration_CurvePara_3        = "-553|997|189|286428|128|-242429|";
AWBCalibration_au16StaticWB_3     =  "470|256|256|447|";
AWBCalibration_u16RefTemp_3   