[vpss]
;bps/iso/scene ÊúÏß·Ö×é
vpss_iso_level = 5
; 1 ex_lowbit   2 lowbit 3 normalbit 4 highbit 5 exthighbit
vpss_1  = "32|32|32|32|40|48|96|255|255|255|255|255|12|12|12|12|12|16|24|32|48|63|63|63|12|12|12|12|12|16|24|32|48|63|63|63|";
vpss_2  = "32|32|32|32|40|48|96|255|255|255|255|255|8|8|8|8|8|16|24|32|48|63|63|63|8|8|8|8|8|16|24|32|48|63|63|63|";
vpss_3  = "12|24|32|48|64|128|255|255|255|255|255|255|4|6|8|12|16|32|63|63|63|63|63|63|4|6|8|12|16|32|63|63|63|63|63|63|";
vpss_4  = "12|24|32|48|64|128|255|255|255|255|255|255|4|6|8|12|16|32|63|63|63|63|63|63|4|6|8|12|16|32|63|63|63|63|63|63|";
vpss_5  = "12|24|32|48|64|128|255|255|255|255|255|255|4|6|8|12|16|32|63|63|63|63|63|63|4|6|8|12|16|32|63|63|63|63|63|63|";
;          1 2 4  8  16 32 64 128 256 400 640 2048		
;         (12,4,4)   (24,6,6)       (32,8,8)      (48,12,12)   (64,16,16)    (128,32,32,)  (255,63,63)   (255,63,63)
						   
[gamma]
;iso/scenc
;	AUTO_STR_LIGHT = 0|
;	AUTO_NORMAL_LIGHT|
;	AUTO_MOON_LIGHT|
;	AUTO_START_LIGHT|
;	AUTO_DARK_LIGHT|
iso_level = 5

gamma_line_1_1="0|45|120|214|316|415|504|581|648|706|756|801|841|877|911|945|978|1010|1041|1073|1103|1133|1162|1191|1220|1248|1275|1302|1328|1354|1380|1405|1430|1455|1479|1503|1527|1550|1573|1596|1618|1640|1662|1684|1706|1727|1748|1769|1790|1811|1832|1852|1872|1892|1912|1931|1950|1969|1987|2005|2023|2041|2058|2075|2091|2107|2123|2138|2153|2167|2181|2195|2208|2221|2233|2244|2255|2266|2276|2285|2294|2302|2310|2317|2324|2330|"
gamma_line_1_2="2335|2353|2371|2389|2407|2425|2443|2461|2479|2496|2514|2532|2550|2567|2584|2602|2618|2635|2652|2668|2684|2700|2715|2730|2745|2759|2773|2786|2799|2812|2824|2836|2847|2858|2868|2877|2886|2895|2902|2910|2916|2922|2927|2941|2955|2969|2983|2996|3010|3024|3038|3051|3065|3078|3091|3104|3117|3129|3142|3154|3165|3177|3188|3199|3209|3220|3229|3239|3248|3256|3264|3272|3279|3286|3292|3297|3302|3307|3311|3321|3331|3342|3352|3363|3373|3384|3395|3405|3416|3427|3437|3448|3459|3469|3480|3491|"
gamma_line_1_3="3501|3512|3523|3533|3544|3555|3565|3576|3587|3597|3608|3618|3629|3639|3649|3660|3670|3680|3690|3701|3711|3721|3731|3741|3750|3760|3770|3779|3789|3798|3808|3817|3826|3835|3844|3853|3862|3871|3879|3888|3896|3904|3912|3920|3928|3936|3944|3951|3959|3966|3973|3980|3987|3993|4000|4006|4012|4019|4024|4030|4036|4041|4046|4051|4056|4061|4065|4070|4074|4078|4082|4085|4088|4092|4095|"

gamma_line_2_1="0|45|120|214|316|415|504|581|648|706|756|801|841|877|911|945|978|1010|1041|1073|1103|1133|1162|1191|1220|1248|1275|1302|1328|1354|1380|1405|1430|1455|1479|1503|1527|1550|1573|1596|1618|1640|1662|1684|1706|1727|1748|1769|1790|1811|1832|1852|1872|1892|1912|1931|1950|1969|1987|2005|2023|2041|2058|2075|2091|2107|2123|2138|2153|2167|2181|2195|2208|2221|2233|2244|2255|2266|2276|2285|2294|2302|2310|2317|2324|2330|"
gamma_line_2_2="2335|2353|2371|2389|2407|2425|2443|2461|2479|2496|2514|2532|2550|2567|2584|2602|2618|2635|2652|2668|2684|2700|2715|2730|2745|2759|2773|2786|2799|2812|2824|2836|2847|2858|2868|2877|2886|2895|2902|2910|2916|2922|2927|2941|2955|2969|2983|2996|3010|3024|3038|3051|3065|3078|3091|3104|3117|3129|3142|3154|3165|3177|3188|3199|3209|3220|3229|3239|3248|3256|3264|3272|3279|3286|3292|3297|3302|3307|3311|3321|3331|3342|3352|3363|3373|3384|3395|3405|3416|3427|3437|3448|3459|3469|3480|3491|"
gamma_line_2_3="3501|3512|3523|3533|3544|3555|3565|3576|3587|3597|3608|3618|3629|3639|3649|3660|3670|3680|3690|3701|3711|3721|3731|3741|3750|3760|3770|3779|3789|3798|3808|3817|3826|3835|3844|3853|3862|3871|3879|3888|3896|3904|3912|3920|3928|3936|3944|3951|3959|3966|3973|3980|3987|3993|4000|4006|4012|4019|4024|4030|4036|4041|4046|4051|4056|4061|4065|4070|4074|4078|4082|4085|4088|4092|4095|"

gamma_line_3_1="0|54|106|158|209|259|308|356|403|450|495|540|584|628|670|713|754|795|835|874|913|951|989|1026|1062|1098|1133|1168|1203|1236|1270|1303|1335|1367|1398|1429|1460|1490|1520|1549|1578|1607|1635|1663|1690|1717|1744|1770|1796|1822|1848|1873|1897|1922|1946|1970|1993|2017|2040|2062|2085|2107|2129|2150|2172|2193|2214|2235|2255|2275|2295|2315|2335|2354|2373|2392|2411|2429|2447|2465|2483|2501|2519|2536|2553|257